0.175557886812413 0.356519771586898 -0.190949386609891 0.0691033712937035 0.0883752531586956 0.195694586838215 0.104328619972712 -0.204275564099113 -0.300374259719584 0.711475446120835 -0.103026653960331 -0.146870552843955 0.126446231675261 -0.0104060671166347 -0.0240861748089856 -0.0664907348161893 -0.00772939545869247 0.0144980313558728 -0.0225157315918899 -0.227231520461591
-0.306380829093178 -0.0111372697402662 -0.0385864517888168 0.0136441234463414 0.0670797256150226 0.0253695733532225 -0.0905761774694392 -0.0212234765243293 0.00897343489042464 -0.00344564629608174 0.0456984982019344 0.139221287289745 0.209777744635536 -0.00809445838174583 0.287563909591361 -0.375393687676728 0.326224894424902 -0.269332072181265 0.612205363680858 -0.218007049654468
-0.306428852804145 -0.0113879504760966 -0.0386952803512911 0.0138297190303236 -0.303491730551714 0.106289942855115 0.0631521785467895 0.0511165661102129 -0.0303257879627584 -0.0395474855180744 0.0176213791114312 0.114257861456595 0.142514625552306 -0.00520335985389099 0.243445200940152 -0.346801932310745 -0.640494037606749 0.329515967474362 -0.110665794497621 -0.217929419426028
-0.305776049948461 -0.011427983448733 -0.0390430830213795 0.0134832731826631 0.109991204201211 -0.102445679790629 -0.104470177721818 -0.0169502518362289 -0.013420495852392 -0.00816691546890987 0.167836678343928 -0.107434794311559 0.0358047913644262 -0.0173185092132879 0.239783426959518 -0.162852569964607 0.350867136985884 -0.180294625462181 -0.736492354009001 -0.217434334284546
-0.305903546282023 -0.010737068441942 -0.038515734052193 0.0135653983510092 0.458796812771841 -0.147418462753015 -0.251019879318158 -0.183372887837315 -0.118186451813323 -0.0600166370977056 0.198778264824811 -0.340671288200155 -0.271109747157914 -0.0235486507311301 -0.132796455526138 0.179812712251433 -0.422964999334322 -0.161012093491511 0.162650818243458 -0.21756622585471
-0.306409512048115 -0.0110858125197798 -0.0384424898265022 0.0136322101052903 -0.427713080765103 0.00951957389823209 0.383194765364685 0.113452983058395 0.0994110997291125 0.019953663963329 -0.0803460567508291 -0.512903087564774 -0.339876728396568 -0.0639271426019555 -0.115012064782418 0.0898610378134382 0.243880184647716 0.11811364215379 0.141258757176374 -0.217930947870178
-0.306137104257395 -0.0110329240704182 -0.0388008815575558 0.0137417344357716 -0.148877957636463 0.128845329652001 0.117180845390748 0.101934550602668 0.0529152352203295 0.068785594092299 -0.292784504851203 0.399935939337557 0.113012259492588 0.102747316129509 -0.28987542348755 0.363488337420601 -0.141018884372694 -0.52046125342201 -0.103488681843639 -0.217753921482484
-0.305324824309223 -0.0111978820499183 -0.0384983573461894 0.0134653747302562 0.24604673841114 -0.0199420923415045 -0.118296217673571 -0.0450534707120105 -7.91438258708269e-05 0.0213789973523505 -0.0564333153726101 0.308030189649894 0.109918165113208 0.0164742561648275 -0.233351365407246 0.253684361812953 0.284559389126448 0.684905236282609 0.033429408815872 -0.217150331517354
0.108442859547227 0.0125275380474367 0.471136817004943 0.218538616935256 -0.158967433313874 -0.101795536239074 -0.381290218609806 0.23153590981074 0.258402513648298 0.356772949887266 0.0488595231856517 0.101680816886437 -0.182703783931505 -0.364969164579765 0.181687991922305 0.158437770574287 -0.0333506589238784 0.00408715001806998 0.0335612520466081 -0.223592286600874
0.109527505614966 0.0128427564406993 0.472999671520559 0.219474199356729 -0.084849725959841 -0.169468235898643 -0.0512313248535841 0.129456434051464 -0.624586875651426 -0.216066732984744 -0.195328375453456 -0.0734006198683234 0.0424697951501621 0.336362357039306 -0.0777854886842465 -0.0716132857076673 0.0608977073142592 0.00846959910785842 0.00628860308580033 -0.224414796930747
0.201091875452837 -0.350077251159251 -0.174792076381489 0.0615440516333051 -0.326230410324134 0.310269684843463 -0.137892637166762 -0.161451966971983 -0.185359811350086 0.00264100904841031 0.609075187606803 0.135500103926746 -0.100413214712393 0.176159518803092 -0.0554173030856918 0.162314052111967 0.0797866690914495 -0.0208988369345591 0.0340590291780766 -0.229566229075319
0.109182238615793 0.0128774448079954 0.472486101090861 0.219764341473333 0.243452665566713 0.271341550404197 0.431238462191746 -0.360883882373332 0.366853793333633 -0.138137732893681 0.146980461536808 -0.0276200697170428 0.139483718027229 0.0270760627113994 -0.103391048196088 -0.0865734929471096 -0.0274349406489747 -0.0127422011235162 -0.0405363892602078 -0.224305823458061
0.201096912137831 -0.35072994010906 -0.17450863268433 0.0614272306680626 0.279005634833149 0.296053320409774 0.0629713932174254 0.484343893250066 -0.131012302690145 -0.136437356860452 -0.100635589635041 -0.133561408039414 0.154737620018877 -0.459156694890816 -0.173193385515761 -0.124754670906375 -0.0114530069946202 -0.0131640423457019 -0.031630690938191 -0.229993625523372
0.200495018610894 -0.349722602611454 -0.174145200671917 0.0614886882771755 -0.0884941086255381 0.0385302433465894 -0.306039270891198 -0.451758944807551 0.188288856759671 -0.100848962935485 -0.592073041425328 -0.120451654227268 -0.0784585116138992 0.0707829861685932 0.136160618140324 -0.0339879558795619 0.0132986242676427 0.0250493986093364 -0.0376356529394814 -0.22926523042076
0.200757305329063 -0.35061576440348 -0.174417793136675 0.0615101025868854 0.135183876829985 -0.645279026421886 0.380017295120351 0.127449368417213 0.128709096436723 0.234081800396402 0.0828264108229852 0.118115877864806 0.0235994496695998 0.212523619433686 0.092241225425662 -0.0031633696306858 -0.0817822949500492 0.00892004494319169 0.0358358074289604 -0.22973497129099
0.109560236397582 0.0156263717099693 0.165070488281936 -0.640895592371405 -0.177592677634405 -0.272936591100285 0.0653933734821232 -0.308945684275619 -0.172110033708787 -0.0835710926429457 0.0441299498582145 0.0912974430523678 0.107837456774524 -0.446464634709921 -0.177692454137442 -0.0435645701815992 0.0131062731705581 -0.0444548907193082 -0.0051386540889482 -0.224732112082807
0.109914130253254 0.0152721962911536 0.165049499062536 -0.639869349639005 0.177603821556642 0.273478927025977 -0.0653924238611691 0.309065601533487 0.172797273046256 0.0836456874353724 -0.0440335898777335 -0.0915309290132175 -0.107473578361591 0.447400497060403 0.177889649630787 0.0436423567137174 -0.0133839789175323 0.0444120533777322 0.00501386969717049 -0.224195766473888
0.175978605877103 0.356415949116102 -0.189858147294043 0.06918814374147 0.100610891761662 0.0477054235692717 0.244108078109636 -0.00917519978185673 -0.149898427903716 -0.347600762133546 -0.0487216611507128 0.215964181061859 -0.265935467877884 -0.170296090892748 0.522028293693476 0.334709545409858 0.00998028331512353 0.0119557518540941 0.0265880621577176 -0.227087451967577
0.175054697278565 0.355339177889423 -0.189089617700645 0.0694983756092716 -0.178620457867232 -0.169592047429178 -0.220676745897804 0.119660687945029 0.263790767320287 -0.232221078639605 0.128344178813796 -0.312017743440914 0.573208475643975 0.0959681549611336 -0.0742201654397167 0.211333373727313 -0.0289821592456471 -0.000428327916998775 0.0389012534280432 -0.226230304192656
0.175362229323002 0.356311321927717 -0.189981191730176 0.0691287315183823 -0.0110662047935373 -0.0750389087152402 -0.128719994626952 0.0950846006874847 0.188162107887525 -0.132653941893686 0.0235540091716032 0.242145393787057 -0.432080305178014 0.0849248553916603 -0.423691388160861 -0.479252906570601 0.0267147277713891 -0.0255461279312751 -0.0430223818401113 -0.227032331850917
