1.027212	-0.532348	-0.533098	-0.531678	-0.530454	-0.532614	-0.531179	-0.530495	-0.437921	-0.438235	-0.472927	-0.437334	-0.475581	-0.473965	-0.475774	-0.400043	-0.399265	0.998859	0.994050	0.997226	
-0.532348	0.515625	0.497197	0.497752	0.495517	0.494734	0.496094	0.495325	-0.491854	-0.495569	-0.546509	-0.494174	-0.546673	-0.544895	-0.546311	-0.488074	-0.487948	-0.533437	-0.530730	-0.532183	
-0.533098	0.497197	0.518432	0.495241	0.493308	0.498353	0.497373	0.493830	-0.491815	-0.495014	-0.544160	-0.494999	-0.546636	-0.544628	-0.546275	-0.488169	-0.489189	-0.533606	-0.530676	-0.532709	
-0.531678	0.497752	0.495241	0.513614	0.496933	0.495154	0.493863	0.494469	-0.492009	-0.495725	-0.544239	-0.495192	-0.544773	-0.543184	-0.542967	-0.486906	-0.487147	-0.532413	-0.529258	-0.531290	
-0.530454	0.495517	0.493308	0.496933	0.520247	0.492866	0.492690	0.495618	-0.491724	-0.494166	-0.547390	-0.493173	-0.546376	-0.544553	-0.545599	-0.486941	-0.486957	-0.531770	-0.529675	-0.530065	
-0.532614	0.494734	0.498353	0.495154	0.492866	0.522593	0.497053	0.492074	-0.491726	-0.494929	-0.546263	-0.493749	-0.547625	-0.545848	-0.545546	-0.487178	-0.488425	-0.533438	-0.530491	-0.532225	
-0.531179	0.496094	0.497373	0.493863	0.492690	0.497053	0.518054	0.495146	-0.491949	-0.495386	-0.545974	-0.494414	-0.546034	-0.544420	-0.545691	-0.488342	-0.487867	-0.532458	-0.530363	-0.530790	
-0.530495	0.495325	0.493830	0.494469	0.495618	0.492074	0.495146	0.514441	-0.490545	-0.494015	-0.545192	-0.492464	-0.544177	-0.542749	-0.543562	-0.485996	-0.485779	-0.531774	-0.529679	-0.529896	
-0.437921	-0.491854	-0.491815	-0.492009	-0.491724	-0.491726	-0.491949	-0.490545	1.364495	1.343702	-0.438876	1.341090	-0.439337	-0.437365	-0.438547	-0.349100	-0.346389	-0.436427	-0.431155	-0.434218	
-0.438235	-0.495569	-0.495014	-0.495725	-0.494166	-0.494929	-0.495386	-0.494015	1.343702	1.376655	-0.440284	1.346769	-0.439729	-0.439435	-0.439835	-0.348723	-0.348807	-0.433974	-0.432641	-0.436014	
-0.472927	-0.546509	-0.544160	-0.544239	-0.547390	-0.546263	-0.545974	-0.545192	-0.438876	-0.440284	1.026602	-0.440493	0.999818	0.997944	0.997401	-0.409006	-0.407868	-0.473965	-0.472520	-0.474056	
-0.437334	-0.494174	-0.494999	-0.495192	-0.493173	-0.493749	-0.494414	-0.492464	1.341090	1.346769	-0.440493	1.375719	-0.439950	-0.438620	-0.439799	-0.351536	-0.349047	-0.433162	-0.433162	-0.435757	
-0.475581	-0.546673	-0.546636	-0.544773	-0.546376	-0.547625	-0.546034	-0.544177	-0.439337	-0.439729	0.999818	-0.439950	1.027965	0.996930	0.999841	-0.411305	-0.405138	-0.474537	-0.475106	-0.476407	
-0.473965	-0.544895	-0.544628	-0.543184	-0.544553	-0.545848	-0.544420	-0.542749	-0.437365	-0.439435	0.997944	-0.438620	0.996930	1.022779	0.996316	-0.408190	-0.407552	-0.474536	-0.472440	-0.474240	
-0.475774	-0.546311	-0.546275	-0.542967	-0.545599	-0.545546	-0.545691	-0.543562	-0.438547	-0.439835	0.997401	-0.439799	0.999841	0.996316	1.028755	-0.408450	-0.408430	-0.475545	-0.474540	-0.475899	
-0.400043	-0.488074	-0.488169	-0.486906	-0.486941	-0.487178	-0.488342	-0.485996	-0.349100	-0.348723	-0.409006	-0.351536	-0.411305	-0.408190	-0.408450	2.056483	2.027007	-0.398459	-0.398949	-0.399465	
-0.399265	-0.487948	-0.489189	-0.487147	-0.486957	-0.488425	-0.487867	-0.485779	-0.346389	-0.348807	-0.407868	-0.349047	-0.405138	-0.407552	-0.408430	2.027007	2.051458	-0.398560	-0.398843	-0.398283	
0.998859	-0.533437	-0.533606	-0.532413	-0.531770	-0.533438	-0.532458	-0.531774	-0.436427	-0.433974	-0.473965	-0.433162	-0.474537	-0.474536	-0.475545	-0.398459	-0.398560	1.022812	0.994485	0.998476	
0.994050	-0.530730	-0.530676	-0.529258	-0.529675	-0.530491	-0.530363	-0.529679	-0.431155	-0.432641	-0.472520	-0.433162	-0.475106	-0.472440	-0.474540	-0.398949	-0.398843	0.994485	1.017153	0.995419	
0.997226	-0.532183	-0.532709	-0.531290	-0.530065	-0.532225	-0.530790	-0.529896	-0.434218	-0.436014	-0.474056	-0.435757	-0.476407	-0.474240	-0.475899	-0.399465	-0.398283	0.998476	0.995419	1.020223	
